20000611
20000612
20000613
20010518
20010519
20010520
20010521
20010528
20010529
20010530
20010531
20010613
20010614
20010615
20010616
20010617
20010618
20010619
20010620
20010622
20010623
20010624
20020610
20020611
20020612
20020613
20020614
20030606
20030607
20030608
20030609
20050509
20050510
20050511
20050512
20050513
20050514
20050515
20050516
20050602
20050603
20050604
20050611
20050612
20050613
20050614
20050615
20050616
20050617
20050627
20050628
20050629
20060501
20060502
20060503
20060514
20060515
20060516
20060517
20060518
20060529
20060530
20060531
20060601
20060602
20060603
20060608
20060609
20060610
20060611
20060612
20070605
20070606
20070607
20070608
20070609
20070610
20080528
20080529
20080530
20080531
20080601
20080602
20080603
20080604
20080605
20080606
20080613
20080614
20080615
20080616
20080617
20080627
20080628
20080629
20090603
20090604
20090605
20090612
20090613
20090614
20100612
20100613
20100614
20100615
20110624
20110625
20110626
20110627
20110628
20110629
20120501
20120502
20120503
20120516
20120517
20120518
20120519
20120520
20120521
20120609
20120610
20120611
20120612
20120613
20120614
20120615
20120616
20120617
20120619
20120620
20120621
20130510
20130511
20130512
20130517
20130518
20130519
20130520
20130521
20130522
20130623
20130624
20130625
20140514
20140515
20140516
20140519
20140520
20140521
20140522
20140528
20140529
20140530
20140602
20140603
20140604
20140607
20140608
20140609
20150519
20150520
20150521
20150523
20150524
20150525
20150526
20160601
20160602
20160603
20160609
20160610
20160611
20160612
20160613
20160614
20160615
20160616
20160617
20160618
20170601
20170602
20170603
20170604
20170613
20170614
20170615
20170616
20170617
20170618
20180615
20180616
20180617
20180618
20180619
20180620
20180621
20190516
20190517
20190518
20190519
20190520
20190521
20190527
20190528
20190529
20190610
20190611
20190612
20190613
20190614
20190615
20200521
20200522
20200523
20200526
20200527
20200528
20210529
20210530
20210531
20210603
20210604
20210605
20210606
20210607
20210620
20210621
20210622
20210623
20210624
20210625
20210627
20210628
20210629
20220519
20220520
20220521
20220524
20220525
20220526
20220527
20220528
20230518
20230519
20230520
20230603
20230604
20230605
20230611
20230612
20230613
20230622
20230623
20230624
