20000611
20000612
20000613
20000706
20000707
20000708
20000709
20000822
20000823
20000829
20000830
20000909
20000910
20001025
20001026
20001027
20001028
20001031
20001101
20010512
20010513
20010518
20010519
20010520
20010521
20010528
20010529
20010530
20010531
20010613
20010614
20010615
20010616
20010617
20010618
20010619
20010620
20010622
20010623
20010624
20010704
20010705
20010710
20010711
20010712
20010723
20010728
20010729
20010730
20010731
20010905
20010906
20010907
20010908
20010909
20010910
20010911
20010912
20010913
20010914
20010915
20010916
20010917
20010918
20010919
20010923
20010924
20010925
20010926
20010927
20010928
20010929
20011016
20020607
20020608
20020610
20020611
20020612
20020613
20020614
20020708
20020709
20020710
20020711
20020906
20020907
20020908
20020909
20030422
20030423
20030424
20030602
20030606
20030607
20030608
20030609
20030617
20030618
20030802
20030803
20030804
20030819
20030820
20030901
20030902
20031101
20031102
20031103
20031104
20040608
20040609
20040630
20040701
20040702
20040703
20040714
20040715
20040811
20040812
20040823
20040824
20040825
20040910
20040911
20040912
20040913
20041024
20041025
20041203
20041204
20050509
20050510
20050511
20050512
20050513
20050514
20050515
20050516
20050602
20050603
20050604
20050611
20050612
20050613
20050614
20050615
20050616
20050617
20050627
20050628
20050629
20050717
20050718
20050719
20050804
20050805
20050812
20050813
20050831
20050901
20050910
20050911
20050922
20051001
20051002
20060501
20060502
20060503
20060514
20060515
20060516
20060517
20060518
20060529
20060530
20060531
20060601
20060602
20060603
20060608
20060609
20060610
20060611
20060612
20060713
20060714
20060724
20060725
20060808
20060809
20060810
20060915
20060916
20070605
20070606
20070607
20070608
20070609
20070610
20070807
20070808
20070817
20070818
20070819
20070917
20070918
20071005
20071006
20071007
20071126
20071127
20080528
20080529
20080530
20080531
20080601
20080602
20080603
20080604
20080605
20080606
20080613
20080614
20080615
20080616
20080617
20080627
20080628
20080629
20080716
20080717
20080718
20080727
20080728
20080803
20080804
20080811
20080827
20080828
20080829
20080912
20080913
20080914
20080915
20080916
20080922
20080927
20080928
20080929
20090603
20090604
20090605
20090612
20090613
20090614
20090620
20090621
20090622
20090717
20090718
20090806
20090807
20090808
20090809
20091004
20091005
20091006
20100612
20100613
20100614
20100615
20100829
20100830
20100831
20100901
20100902
20100906
20100907
20100908
20100909
20100910
20100918
20100919
20100920
20101022
20101023
20101024
20110510
20110527
20110528
20110619
20110620
20110624
20110625
20110626
20110627
20110628
20110629
20110827
20110828
20110829
20110830
20120501
20120502
20120503
20120516
20120517
20120518
20120519
20120520
20120521
20120609
20120610
20120611
20120612
20120613
20120614
20120615
20120616
20120617
20120619
20120620
20120621
20120628
20120720
20120721
20120731
20120801
20120802
20120803
20120822
20120823
20120824
20120825
20120826
20120827
20120828
20120928
20130510
20130511
20130512
20130517
20130518
20130519
20130520
20130521
20130522
20130623
20130624
20130625
20130712
20130713
20130717
20130718
20130816
20130817
20130818
20130819
20130820
20130821
20130827
20130828
20130829
20130831
20130901
20130920
20130921
20130922
20131005
20131006
20140514
20140515
20140516
20140519
20140520
20140521
20140522
20140528
20140529
20140530
20140602
20140603
20140604
20140607
20140608
20140609
20140616
20140617
20140722
20140723
20140920
20140921
20140922
20150510
20150511
20150519
20150520
20150521
20150523
20150524
20150525
20150526
20150706
20150707
20150708
20150807
20150808
20150822
20150823
20150928
20150929
20160601
20160602
20160603
20160609
20160610
20160611
20160612
20160613
20160614
20160615
20160616
20160617
20160618
20160707
20160708
20160709
20160731
20160801
20160913
20160914
20160916
20160917
20160918
20160926
20160927
20160928
20161005
20161006
20161007
20161008
20161009
20161010
20170601
20170602
20170603
20170604
20170613
20170614
20170615
20170616
20170617
20170618
20170702
20170703
20170721
20170722
20170728
20170729
20170730
20170731
20170821
20170822
20170901
20180613
20180614
20180615
20180616
20180617
20180618
20180619
20180620
20180621
20180710
20180711
20180722
20180723
20180812
20180908
20180909
20180910
20180911
20190516
20190517
20190518
20190519
20190520
20190521
20190527
20190528
20190529
20190610
20190611
20190612
20190613
20190614
20190615
20190718
20190808
20190809
20190823
20190824
20190929
20190930
20191001
20200516
20200517
20200521
20200522
20200523
20200526
20200527
20200528
20200802
20200803
20200810
20200811
20200817
20200821
20200822
20200823
20201105
20201106
20201107
20210529
20210530
20210531
20210603
20210604
20210605
20210606
20210607
20210620
20210621
20210622
20210623
20210624
20210625
20210627
20210628
20210629
20210805
20210806
20210807
20210911
20210912
20220519
20220520
20220521
20220524
20220525
20220526
20220527
20220528
20220903
20220904
20220911
20220912
20220913
20230518
20230519
20230520
20230603
20230604
20230605
20230611
20230612
20230613
20230622
20230623
20230624
20230726
20230727
20230728
20230803
20230829
20230830
20230831
20230902
20230903
20230904
20231004
20231005
20231006
