2000070600-2000070912  119.90 19.40 121.30 26.40  45  118.10 15.70
2000082206-2000082306  122.90 21.60 117.90 25.00 140  139.20  8.30
2000082912-2000083000  124.50 25.20 123.70 26.90  55  137.90  7.80
2000090906-2000091012  124.70 25.00 122.00 20.40  45  135.80 20.70
2000102500-2000102806  124.90 24.60 123.20 25.20 105  145.60 19.70
2000103106-2000110106  120.10 19.60 123.10 26.50  90  137.20  8.60
2001051206-2001051312  120.40 19.40 124.00 23.20  45  129.00  5.30
2001062212-2001062318  121.10 20.30 119.70 26.30  75  138.40 11.10
2001070418-2001070500  119.80 19.50 118.60 20.40  75  140.60  8.30
2001071012-2001071206  123.00 21.00 119.90 24.60  35  130.30 12.80
2001072306-2001072318  122.60 20.00 119.70 20.20  30  126.70 18.70
2001072818-2001073100  123.10 20.50 119.50 26.80  90  134.70 14.30
2001090512-2001091918  124.00 23.70 117.30 22.70  20  124.00 23.70
2001092318-2001092918  121.80 19.50 120.40 26.90  65  124.80 19.40
2001101600-2001101606  124.50 24.50 124.40 25.40  90  131.70 16.10
2002060706-2002060806  119.10 20.50 123.00 21.20  30  112.40 20.20
2002070806-2002071100  117.80 21.90 124.80 25.30  25  117.50 21.60
2002090612-2002090712  124.50 26.30 120.20 27.30  85  155.70 16.40
2002090818-2002090912  121.30 19.70 119.40 19.60  15  121.30 19.70
2003042212-2003042412  123.30 20.70 124.00 24.80  45  158.80  2.60
2003060200-2003060218  119.60 20.00 123.30 22.20  45  117.20 17.10
2003061706-2003061806  123.20 20.80 124.50 26.20  75  155.80  8.20
2003080218-2003080418  123.20 20.40 117.90 25.20  45  130.40 11.80
2003081912-2003082000  123.40 24.30 120.90 27.20  30  125.20 18.80
2003090112-2003090200  121.80 21.20 118.20 22.00 125  139.00 19.60
2003110118-2003110400  120.80 19.50 123.50 23.60  65  133.10 11.40
2004060812-2004060918  120.10 19.90 124.90 24.70  85  116.60 15.70
2004063012-2004070300  122.10 19.90 121.30 27.90  90  147.30 13.00
2004071406-2004071500  123.10 21.40 118.80 20.20  35  133.30 20.00
2004081118-2004081206  124.30 25.30 122.60 27.30  90  130.20 14.80
2004082318-2004082518  124.50 24.40 118.10 24.70  75  146.50  9.40
2004091018-2004091300  119.60 23.00 121.60 27.30  20  119.60 23.00
2004102412-2004102512  123.20 21.70 122.50 26.60 110  163.50  8.50
2004120318-2004120400  119.10 21.30 120.20 22.40  55  153.10  5.40
2005071712-2005071912  124.00 23.00 119.50 26.60 115  154.90 21.90
2005080406-2005080518  124.70 23.90 121.60 28.00  80  140.80  9.10
2005081206-2005081300  120.10 19.60 117.20 23.10  55  131.40 13.40
2005083106-2005090112  124.00 23.30 118.20 25.80 115  147.70 14.20
2005091012-2005091100  124.40 25.20 122.70 27.20 110  140.70  8.20
2005092200-2005092218  120.80 19.70 118.90 19.90  55  125.00 15.10
2005100112-2005100218  123.80 23.10 117.80 24.90 120  146.10 18.70
2006051718-2006051806  117.20 23.60 119.30 26.10  75  137.60  8.80
2006071300-2006071406  124.00 23.30 119.30 26.40  45  143.20  9.60
2006072406-2006072512  123.00 21.90 117.70 24.60  60  151.50  7.60
2006080918-2006081012  123.90 25.90 119.90 27.20 140  151.30  7.00
2006080806-2006080912  123.80 23.40 117.70 22.40  45  133.50 20.20
2006091506-2006091600  124.00 22.20 124.20 24.90 115  138.60 13.80
2007080706-2007080806  123.30 22.10 117.40 22.20  65  138.20 17.80
2007081706-2007081906  123.50 21.00 118.30 25.60 120  136.10 18.60
2007091718-2007091818  124.60 23.90 120.70 27.10 125  134.20 16.30
2007100518-2007100712  124.10 22.80 120.20 27.50 130  131.00 17.20
2007112612-2007112700  120.50 19.70 121.70 20.10  65  138.30 11.60
2008071618-2008071818  123.20 21.30 119.60 27.40  60  126.10 20.10
2008072706-2008072818  124.00 22.10 118.80 25.90  85  133.40 21.50
2008080318-2008080400  120.40 20.00 119.30 19.80  25  120.40 20.00
2008081100-2008081112  122.20 23.70 124.50 26.10  15  122.20 23.70
2008082721-2008082906  122.20 19.80 120.90 21.40  30  130.00 12.80
2008091206-2008091606  124.10 23.40 123.80 27.10 115  127.60 15.80
2008092212-2008092218  120.90 19.50 119.10 19.80 100  142.90 17.40
2008092718-2008092912  123.70 21.80 122.00 27.30 135  139.60 11.70
2009062012-2009062212  117.90 21.30 121.40 27.60  75  130.80  9.70
2009071712-2009071800  121.40 20.80 118.30 21.50  60  128.00 14.70
2009080618-2009080912  124.00 23.30 119.70 26.70  80  135.40 20.40
2009100412-2009100600  119.80 19.90 120.20 19.40  60  147.50  9.90
2010083106-2010090200  118.40 20.40 117.50 23.90  55  118.30 14.50
2010082900-2010083118  124.50 24.90 119.30 24.90  15  124.50 24.90
2010090618-2010091000  124.30 22.80 118.70 25.60  15  124.80 23.90
2010091812-2010092000  124.20 23.90 117.40 23.50 105  137.40 16.60
2010102200-2010102406  118.20 21.10 118.60 26.20 100  145.00 12.70
2011051000-2011051012  122.00 20.20 123.90 22.40  35  129.00 10.50
2011052712-2011052800  123.10 20.40 123.90 23.00 125  140.70  8.90
2011061918-2011062006  121.50 19.60 118.70 20.50  25  129.00  7.90
2011062418-2011062500  123.90 25.60 123.40 26.70  50  133.50 11.30
2011082718-2011083018  121.50 19.60 119.00 24.40 100  127.80 15.60
2012062000-2012062018  117.70 22.70 121.10 25.70  35  111.10 19.60
2012062812-2012062818  121.20 19.90 119.40 20.20  35  134.50 13.20
2012072018-2012072100  121.50 19.80 120.10 19.90  20  123.10 18.00
2012073118-2012080300  123.80 22.30 119.70 26.60  75  128.80 12.30
2012082212-2012082818  124.20 22.50 123.80 26.60  90  124.90 17.80
2012092800-2012092806  124.10 22.50 124.50 23.40 125  140.70 14.90
2013071212-2013071312  123.70 24.00 118.40 26.00  80  156.20 19.90
2013071706-2013071818  120.90 19.60 117.60 24.90  40  127.30 14.60
2013081600-2013082118  123.60 23.10 119.60 25.70  15  123.60 23.10
2013082718-2013082918  123.20 20.70 122.90 27.60  45  128.90 11.50
2013083112-2013090112  121.60 24.80 124.20 25.90  20  121.60 24.80
2013092018-2013092200  122.60 20.40 117.90 21.80 130  132.50 17.10
2013100518-2013100618  124.90 25.50 120.50 27.30  85  133.50 11.60
2014061612-2014061700  118.90 26.30 122.40 27.70  35  116.80 20.20
2014072206-2014072312  122.70 21.90 119.00 25.70  85  136.00 10.10
2014092006-2014092200  119.60 20.10 122.00 27.30  40  130.50 13.60
2015051018-2015051112  122.00 19.60 123.50 23.30 115  142.10  7.90
2015070618-2015070818  119.10 20.00 117.70 22.40  40  129.40 14.10
2015080712-2015080818  123.80 22.90 118.70 25.30 105  160.80 13.70
2015082200-2015082318  122.60 20.10 124.70 25.20  80  150.90 12.10
2015092800-2015092906  123.90 23.40 117.90 25.30 125  145.30 15.10
2016070706-2016070912  123.40 21.60 117.90 25.40 140  145.30  8.30
2016073118-2016080100  120.10 19.40 118.90 20.20  60  127.40 11.90
2016091312-2016091418  122.90 20.40 118.40 24.40 170  143.80 13.20
2016091612-2016091800  123.40 22.10 123.50 26.90 115  146.10 12.40
2016092618-2016092800  124.20 22.50 117.90 25.00 110  140.80 13.70
2016100518-2016101000  122.00 20.20 117.60 21.60  30  126.50 19.70
2017070212-2017070300  124.60 23.60 124.20 26.20  40  129.40 18.20
2017072118-2017072206  122.00 19.70 119.00 21.10  25  124.00 18.50
2017072818-2017073000  123.60 21.70 119.20 25.70  75  128.70 14.20
2017073000-2017073100  119.70 20.00 119.00 25.40  40  117.00 19.30
2017082112-2017082206  122.70 20.10 118.60 20.40  45  127.00 19.80
2017090100-2017090112  119.00 20.30 118.40 20.80  25  119.00 20.30
2018061300-2018061400  120.30 20.90 124.50 25.30  30  120.30 20.90
2018061400-2018061518  118.30 21.60 124.80 25.70  30  118.30 21.60
2018071012-2018071100  124.00 25.30 120.00 26.40  95  146.40  9.70
2018072212-2018072300  124.10 23.20 123.80 26.10  25  116.40 18.00
2018081200-2018081212  124.80 25.60 122.30 27.80  40  133.60 18.60
2018090812-2018091106  122.10 20.50 118.20 20.80  15  122.10 20.50
2019071800-2019071812  124.30 23.90 123.70 26.90  40  135.10 15.00
2019080818-2019080912  124.50 25.40 122.00 27.60 130  133.80 15.40
2019082318-2019082418  122.90 20.70 117.90 22.80  55  135.10 12.60
2019092921-2019100100  123.20 21.20 122.10 27.30  65  149.30 12.30
2020051618-2020051706  120.50 20.30 120.70 21.20  20  133.90  7.20
2020080212-2020080318  124.30 23.70 121.10 27.80  45  130.00 17.00
2020081006-2020081100  118.60 20.40 117.70 24.20  45  117.30 14.90
2020081706-2020081712  120.70 19.50 119.50 19.70  20  123.50 17.40
2020082100-2020082300  122.50 20.40 123.90 26.40  20  122.50 20.40
2020110518-2020110706  122.70 20.60 119.10 22.70  45  137.10 14.70
2021060400-2021060500  118.70 20.40 123.80 24.80  35  142.10  4.80
2021080512-2021080706  117.20 23.70 122.50 25.50  40  110.40 20.70
2021091100-2021091218  122.00 20.30 123.10 27.60 145  138.90 13.40
2022090312-2022090400  124.80 24.40 124.60 26.10  85  150.10 21.70
2022091106-2022091318  124.30 22.90 123.50 27.20 110  145.60 25.40
2023072606-2023072806  121.00 19.30 118.40 25.80 100  132.40 13.60
2023080306-2023080312  124.30 26.70 124.20 26.70  90  141.10  9.00
2023082918-2023083100  121.80 19.90 118.20 21.10 140  127.70 17.50
2023090212-2023090418  124.20 22.70 117.40 23.60  80  144.60 16.70
2023100400-2023100600  123.50 22.20 117.70 21.80 105  143.80 14.20
